>EGR1.H14CORE.0.PS.A
0.2886025447487600	0.2176514988138883	0.2117209402631011	0.2820250161742506
0.2576827690317015	0.1678617640715980	0.2881981884839336	0.2862572784127669
0.0678240241535475	0.1688591761915031	0.0608151822298900	0.7025016174250593
0.0331032995471210	0.0040974768169075	0.9568686650851844	0.0059305585507872
0.0136941988354540	0.9656027604054346	0.0070088419236575	0.0136941988354540
0.0007547983610093	0.0000000000000000	0.9988138882898425	0.0004313133491482
0.0000000000000000	0.0001078283372870	0.1598015958593919	0.8400905758033211
0.0071166702609446	0.0000000000000000	0.9928833297390555	0.0000000000000000
0.0001078283372870	0.0006469700237222	0.9987060599525556	0.0005391416864352
0.0012939400474445	0.0000000000000000	0.9971964632305370	0.0015095967220185
0.0282510243692042	0.8464524477032564	0.0088419236575372	0.1164546042700022
0.0118611171015743	0.0036661634677593	0.9757386241104162	0.0087340953202502
0.0315937028251024	0.0144489971964632	0.3897994392926461	0.5641578606857882
0.3552943713607936	0.0891740349363813	0.3260728919560060	0.2294587017468191
0.3048576665947811	0.1529275393573431	0.2948296312270865	0.2473851628207893
0.2954766012508087	0.1781593702825102	0.2842624541729566	0.2421015742937244
